0 0.441703 0.206689 0.052814 0.063322
0 0.461075 0.270559 0.111294 0.208882
0 0.540570 0.481360 0.054276 0.110746
0 0.562135 0.590735 0.053363 0.126096
0 0.591192 0.720121 0.192617 0.279879
0 0.539656 0.776042 0.135599 0.223958
0 0.644554 0.720943 0.056104 0.053454
0 0.667580 0.235471 0.143092 0.483004
0 0.773392 0.001371 0.060855 0.234923
0 0.439693 0.097039 0.022661 0.109923
0 0.417032 0.013980 0.033808 0.084156
0 0.377010 0.626645 0.015534 0.064145
0 0.378107 0.689967 0.014437 0.095121
0 0.377010 0.783169 0.014985 0.121162
0 0.377010 0.903509 0.013889 0.057018
