0 0.518640 0.779057 0.067800 0.220943
0 0.479715 0.427357 0.074744 0.247533
0 0.514620 0.674616 0.045139 0.104715
0 0.445175 0.098410 0.076023 0.330866
0 0.503289 0.178180 0.088085 0.207511
0 0.563596 0.001371 0.059576 0.175713
0 0.586075 0.153235 0.044956 0.064419
0 0.620431 0.058936 0.072186 0.113213
0 0.668129 0.000274 0.037646 0.055921
0 0.483370 0.000274 0.092654 0.150768
0 0.409357 0.075658 0.055556 0.170779
0 0.372259 0.000274 0.046418 0.076206
0 0.404788 0.005482 0.098867 0.364857
0 0.358553 0.372259 0.080775 0.178454
0 0.334064 0.551261 0.058114 0.051809
0 0.188596 0.000274 0.219664 0.396382
0 0.223501 0.176261 0.141265 0.620888
0 0.080227 0.030976 0.163743 0.323465
0 0.103801 0.151316 0.076754 0.101974
0 0.000183 0.000274 0.126096 0.175987
