0 0.368604 0.099232 0.461623 0.900768
0 0.348136 0.000274 0.277778 0.762884
0 0.230446 0.650219 0.142909 0.349781
0 0.129934 0.558388 0.034539 0.346217
0 0.046784 0.688048 0.056469 0.157895
0 0.081871 0.309211 0.130665 0.416393
0 0.018275 0.531798 0.048063 0.162829
0 0.019189 0.501919 0.016996 0.027686
0 0.181652 0.000274 0.031067 0.177357
0 0.183480 0.178454 0.031615 0.419956
0 0.180190 0.598958 0.031615 0.295504
0 0.049708 0.839912 0.098136 0.144737
0 0.120980 0.877741 0.088633 0.122259
0 0.808297 0.737390 0.098501 0.133772
0 0.782712 0.872533 0.040570 0.049342
0 0.756213 0.921053 0.042032 0.057292
0 0.870797 0.751096 0.027047 0.227248
0 0.872442 0.599507 0.023757 0.150219
0 0.856908 0.412555 0.038194 0.185855
