0 0.509686 0.272752 0.015899 0.039474
0 0.505665 0.312500 0.019920 0.092379
0 0.504569 0.403509 0.016630 0.030154
0 0.503838 0.433936 0.015351 0.133224
0 0.505848 0.461349 0.047515 0.164474
0 0.488487 0.624726 0.035453 0.081689
0 0.464912 0.705592 0.047332 0.213816
0 0.465461 0.918586 0.019737 0.033443
0 0.449744 0.953125 0.034174 0.046875
0 0.735928 0.557566 0.014254 0.049616
0 0.741411 0.606908 0.018823 0.047149
0 0.754569 0.645559 0.016447 0.020011
0 0.771747 0.649671 0.015351 0.017270
0 0.777230 0.595121 0.022661 0.067434
0 0.780336 0.661458 0.036915 0.052083
0 0.798063 0.713268 0.048246 0.066064
0 0.835892 0.762884 0.027595 0.043586
0 0.863487 0.766447 0.039839 0.179276
0 0.881944 0.944079 0.032164 0.055921
0 0.893640 0.854441 0.017727 0.031524
0 0.905336 0.850329 0.025402 0.022478
0 0.935855 0.696546 0.046235 0.100877
0 0.913377 0.797149 0.038377 0.053180
0 0.888341 0.763980 0.020468 0.077851
0 0.893458 0.672971 0.030519 0.091009
0 0.909174 0.617599 0.025585 0.056195
0 0.889620 0.653509 0.020651 0.019463
0 0.885417 0.544956 0.017178 0.108279
0 0.947003 0.673794 0.019920 0.033717
0 0.948099 0.555647 0.051901 0.115680
0 0.928545 0.625548 0.012610 0.032621
0 0.941155 0.631853 0.011148 0.025768
0 0.953765 0.616502 0.010234 0.020011
0 0.926718 0.597588 0.030154 0.020011
0 0.906067 0.575110 0.022844 0.023575
0 0.847770 0.357456 0.026681 0.081689
0 0.824927 0.438322 0.035453 0.178728
0 0.869700 0.599507 0.016630 0.023849
0 0.846126 0.575110 0.028143 0.029331
0 0.834613 0.533991 0.020468 0.041118
0 0.827303 0.451754 0.013889 0.080592
0 0.827851 0.408443 0.007310 0.043311
0 0.813962 0.616776 0.023940 0.073465
0 0.809942 0.692434 0.018640 0.020285
0 0.752741 0.563871 0.031067 0.042489
0 0.760234 0.533991 0.011330 0.052357
0 0.707420 0.631579 0.039108 0.131305
0 0.691703 0.676261 0.029423 0.042763
0 0.682749 0.646930 0.021199 0.029879
0 0.691155 0.515625 0.072186 0.132675
0 0.679094 0.516173 0.021930 0.060581
0 0.699013 0.606086 0.030336 0.026316
0 0.692069 0.573191 0.014985 0.014254
0 0.697734 0.541941 0.018092 0.030702
0 0.676170 0.371162 0.005665 0.050439
0 0.673246 0.421327 0.007493 0.088542
0 0.670322 0.510143 0.022295 0.137610
0 0.755848 0.466283 0.027230 0.048246
0 0.774671 0.417215 0.022295 0.048794
0 0.792946 0.536732 0.030885 0.050713
0 0.773575 0.583333 0.013158 0.018092
0 0.783443 0.573191 0.014803 0.023026
0 0.677997 0.364857 0.038377 0.134320
0 0.685490 0.344298 0.016447 0.045230
0 0.746711 0.380208 0.024671 0.068257
0 0.738487 0.447917 0.010965 0.026042
0 0.733004 0.474507 0.007493 0.020011
0 0.713268 0.496162 0.022844 0.045779
0 0.740680 0.512061 0.008955 0.028235
0 0.726608 0.540844 0.016082 0.022478
0 0.718385 0.559759 0.008224 0.011239
0 0.712171 0.560307 0.006213 0.009320
0 0.656798 0.647752 0.023209 0.099781
0 0.070541 0.716557 0.144371 0.132401
0 0.214912 0.842654 0.078399 0.088268
0 0.295504 0.918311 0.128289 0.081689
