0 0.063048 0.401042 0.046784 0.113213
0 0.076389 0.514254 0.137792 0.288377
0 0.048794 0.433662 0.019371 0.040296
0 0.026133 0.401590 0.026864 0.038377
0 0.000183 0.459704 0.063962 0.051809
0 0.203216 0.802906 0.050256 0.197094
0 0.222588 0.906250 0.029605 0.029057
0 0.229532 0.777686 0.035088 0.130208
0 0.242507 0.650493 0.046235 0.128289
0 0.219115 0.750822 0.024123 0.029879
0 0.163560 0.687500 0.037463 0.063596
0 0.202120 0.742325 0.010782 0.011239
0 0.212719 0.743969 0.011330 0.012061
0 0.265899 0.588816 0.026133 0.062500
0 0.276499 0.487664 0.043860 0.100603
0 0.305738 0.419134 0.023575 0.069079
0 0.315058 0.376645 0.026133 0.042489
0 0.189693 0.290570 0.044408 0.165022
0 0.211988 0.021656 0.060307 0.268914
0 0.151681 0.456963 0.056835 0.129112
0 0.142727 0.586075 0.031067 0.040022
0 0.586806 0.478893 0.093385 0.109101
0 0.671418 0.421601 0.062865 0.064145
0 0.717654 0.362664 0.043494 0.058936
0 0.755848 0.308114 0.050439 0.054550
0 0.440058 0.371436 0.066886 0.224507
0 0.543494 0.559485 0.044042 0.067434
0 0.576754 0.484923 0.050256 0.082511
0 0.555190 0.551261 0.023026 0.044134
0 0.565058 0.364035 0.010417 0.034539
0 0.559028 0.397752 0.011330 0.015077
0 0.551352 0.413377 0.016082 0.050164
0 0.539656 0.462719 0.021199 0.109923
0 0.520102 0.384046 0.025950 0.108553
0 0.519554 0.492050 0.029971 0.099507
0 0.503107 0.489035 0.016813 0.041667
0 0.464181 0.451480 0.038560 0.066886
0 0.405702 0.370340 0.059393 0.111294
0 0.384503 0.291118 0.038925 0.079221
0 0.378289 0.220669 0.023392 0.070175
0 0.373173 0.121162 0.019554 0.099507
0 0.371893 0.091831 0.014803 0.029331
0 0.342836 0.297423 0.029971 0.066064
0 0.326389 0.249726 0.025037 0.049342
0 0.317617 0.204221 0.017544 0.045504
0 0.331506 0.139803 0.027778 0.065515
0 0.351425 0.000274 0.029240 0.139803
0 0.529057 0.104989 0.046784 0.065789
0 0.443531 0.254660 0.024123 0.027412
0 0.468019 0.212171 0.043494 0.055099
0 0.503289 0.160636 0.031433 0.056743
0 0.530519 0.805921 0.039656 0.139803
0 0.529240 0.626645 0.029788 0.178454
0 0.510051 0.614309 0.019737 0.046327
0 0.494335 0.595943 0.030885 0.028783
0 0.433480 0.282072 0.015351 0.058662
0 0.433845 0.341009 0.011696 0.029879
0 0.432383 0.371436 0.012610 0.042763
0 0.414839 0.129660 0.016082 0.027686
0 0.419408 0.156798 0.015168 0.058662
0 0.425439 0.215735 0.022478 0.066338
0 0.430556 0.248904 0.011513 0.047423
0 0.434028 0.000274 0.027412 0.215186
0 0.398757 0.215461 0.034722 0.126645
0 0.383589 0.318257 0.025585 0.052632
0 0.392727 0.370888 0.040022 0.062500
0 0.403874 0.435855 0.036732 0.043586
0 0.380117 0.481086 0.050073 0.045779
0 0.343933 0.439145 0.030885 0.074561
0 0.357639 0.482730 0.061952 0.083607
0 0.402230 0.564967 0.110746 0.246711
0 0.389985 0.583333 0.053911 0.109923
0 0.372259 0.352522 0.025037 0.081963
0 0.374452 0.434485 0.026864 0.040296
0 0.420139 0.192982 0.060124 0.192160
0 0.464364 0.108827 0.025402 0.083882
0 0.474050 0.081140 0.020102 0.027138
0 0.314327 0.427906 0.030702 0.068805
0 0.270833 0.398849 0.045504 0.071272
0 0.252741 0.344846 0.041849 0.052906
0 0.200658 0.320998 0.052814 0.057292
0 0.214181 0.245888 0.056104 0.099781
0 0.191155 0.288377 0.017909 0.038925
0 0.202668 0.270011 0.010782 0.032346
0 0.197917 0.235197 0.012792 0.033991
0 0.491776 0.046053 0.041667 0.084978
0 0.524854 0.000274 0.014437 0.045230
0 0.351243 0.541941 0.036550 0.186678
0 0.828399 0.001371 0.076206 0.243969
0 0.854349 0.114035 0.037098 0.132127
0 0.849232 0.245066 0.021016 0.077577
0 0.842105 0.322643 0.024854 0.066886
0 0.839547 0.388706 0.017727 0.049342
0 0.839912 0.438596 0.020651 0.104989
0 0.843385 0.544134 0.023575 0.058114
0 0.863487 0.583882 0.015534 0.037829
0 0.884137 0.504112 0.054276 0.079496
0 0.853436 0.475877 0.051352 0.079496
0 0.816703 0.494243 0.050073 0.063048
0 0.775037 0.557566 0.055738 0.089090
0 0.752924 0.627467 0.022661 0.032346
0 0.701937 0.591283 0.065058 0.113761
0 0.672515 0.705866 0.048794 0.096491
