0 0.129386 0.868969 0.041484 0.131031
0 0.125183 0.623629 0.044408 0.245066
0 0.124269 0.458882 0.034539 0.164748
0 0.183662 0.867325 0.156798 0.132675
0 0.295139 0.623081 0.213085 0.243695
0 0.457602 0.538377 0.146199 0.086349
0 0.544773 0.423520 0.160270 0.114857
0 0.641996 0.277686 0.229349 0.143914
0 0.807018 0.049890 0.192982 0.226425
0 0.737025 0.274945 0.064327 0.076754
0 0.776133 0.168586 0.109101 0.107730
0 0.853618 0.128289 0.071820 0.039200
0 0.894371 0.063322 0.103070 0.064693
0 0.946089 0.000548 0.053911 0.061129
0 0.716740 0.000548 0.038012 0.105811
0 0.719481 0.104989 0.037098 0.130757
0 0.722405 0.235746 0.035270 0.094572
0 0.303728 0.856360 0.062500 0.059485
0 0.365132 0.819079 0.048246 0.065789
0 0.391996 0.600329 0.103801 0.217105
0 0.471308 0.167489 0.216374 0.431195
0 0.162098 0.751096 0.089547 0.218476
0 0.231908 0.360197 0.048246 0.390625
0 0.299159 0.101425 0.044408 0.114035
0 0.265899 0.214090 0.052266 0.104441
0 0.261148 0.318805 0.023757 0.041667
0 0.325292 0.000274 0.031615 0.104715
0 0.163194 0.850877 0.042946 0.100603
0 0.180373 0.635417 0.077303 0.214090
0 0.257858 0.589912 0.042215 0.064419
0 0.279423 0.492050 0.092836 0.098136
0 0.345577 0.393914 0.121162 0.099232
0 0.524488 0.282621 0.104898 0.070998
0 0.434211 0.318531 0.091923 0.073465
0 0.000183 0.434759 0.041484 0.111568
0 0.042215 0.284265 0.114035 0.192708
0 0.156433 0.215186 0.094481 0.107456
0 0.250914 0.117599 0.110197 0.123081
0 0.360928 0.073739 0.075658 0.068531
0 0.436586 0.042489 0.072368 0.053728
0 0.482273 0.000274 0.061221 0.040296
0 0.263706 0.206963 0.060673 0.229715
0 0.000183 0.197643 0.057200 0.226425
0 0.035088 0.000548 0.015716 0.198465
0 0.049159 0.162829 0.026864 0.032621
0 0.107639 0.000274 0.024671 0.041118
0 0.064327 0.041393 0.054459 0.121436
