0 0.670504 0.901042 0.072551 0.098958
0 0.580958 0.732182 0.108735 0.174616
0 0.551718 0.598958 0.055556 0.134320
0 0.716740 0.423246 0.056287 0.061404
0 0.659357 0.470395 0.074013 0.106634
0 0.606725 0.562774 0.066338 0.083607
0 0.555007 0.432018 0.020833 0.166118
0 0.435490 0.606360 0.088633 0.034539
0 0.524123 0.593750 0.036184 0.047149
0 0.372807 0.537555 0.068896 0.105537
0 0.353801 0.541941 0.023026 0.039474
0 0.281615 0.526042 0.071820 0.052632
0 0.442251 0.069627 0.070906 0.255757
0 0.475146 0.000274 0.039108 0.068531
0 0.411732 0.326754 0.065058 0.254934
0 0.374817 0.581140 0.073830 0.159814
0 0.282712 0.740132 0.127376 0.251371
0 0.000183 0.737939 0.307200 0.262061
0 0.187683 0.422423 0.083699 0.429825
0 0.216192 0.852248 0.055190 0.130757
0 0.801352 0.155976 0.198648 0.515351
0 0.770285 0.216831 0.046235 0.047971
0 0.738670 0.185307 0.036550 0.058114
0 0.678911 0.089364 0.071089 0.106086
0 0.652047 0.000274 0.041667 0.089090
0 0.929459 0.417489 0.014803 0.041118
0 0.934211 0.395559 0.028874 0.031250
0 0.954678 0.336349 0.030702 0.058662
0 0.056287 0.099232 0.088268 0.469298
0 0.033626 0.569901 0.064693 0.106086
0 0.000183 0.639254 0.052997 0.110746
0 0.138341 0.000274 0.135417 0.226425
0 0.000914 0.206689 0.084064 0.150768
0 0.838816 0.831414 0.055373 0.168586
