0 0.655519 0.567160 0.045504 0.231634
0 0.668311 0.402412 0.043494 0.164748
0 0.674342 0.200658 0.039656 0.203399
0 0.640534 0.798520 0.047515 0.062226
0 0.696089 0.512061 0.048428 0.130757
0 0.610015 0.642818 0.119700 0.212171
0 0.550621 0.858004 0.106908 0.066886
0 0.715826 0.279879 0.034722 0.234649
0 0.727705 0.231086 0.022844 0.049068
0 0.772295 0.525219 0.039474 0.049342
0 0.738852 0.575658 0.043494 0.049890
0 0.338085 0.713268 0.106725 0.286732
0 0.369152 0.733553 0.037829 0.046053
0 0.379386 0.686678 0.030154 0.044408
0 0.342105 0.610197 0.058114 0.088816
0 0.306835 0.505482 0.055556 0.104167
0 0.290022 0.462445 0.035819 0.042763
0 0.920322 0.896107 0.058114 0.103893
0 0.942434 0.795779 0.039839 0.101425
