0 0.461623 0.235746 0.051535 0.134594
0 0.456689 0.370340 0.054094 0.307840
0 0.462902 0.678180 0.088450 0.321820
0 0.703765 0.425713 0.147478 0.318805
0 0.663925 0.634868 0.029057 0.087993
0 0.887244 0.722588 0.045687 0.212445
0 0.686586 0.776316 0.047149 0.067708
0 0.709064 0.843202 0.055556 0.039748
0 0.731908 0.829496 0.029240 0.037281
0 0.781433 0.831140 0.028326 0.040296
0 0.761513 0.844572 0.020651 0.032621
0 0.853801 0.714090 0.008224 0.039748
0 0.788012 0.706414 0.058297 0.096765
0 0.784539 0.638706 0.038925 0.065241
0 0.420870 0.317434 0.051170 0.056743
0 0.352522 0.209156 0.040387 0.066338
0 0.384137 0.271382 0.042946 0.058662
0 0.675621 0.270559 0.104898 0.378564
0 0.502924 0.290844 0.200841 0.196820
0 0.638523 0.381305 0.011879 0.028509
0 0.642178 0.350603 0.013523 0.031524
0 0.648940 0.306195 0.011330 0.044408
0 0.000183 0.288925 0.293129 0.258772
0 0.000183 0.181469 0.065972 0.149397
0 0.063231 0.300713 0.017544 0.052357
0 0.491776 0.000274 0.132675 0.193257
0 0.350512 0.193805 0.160636 0.314693
0 0.292398 0.510143 0.079496 0.160088
