0 0.442800 0.687774 0.126827 0.304825
0 0.512427 0.795779 0.050804 0.081140
0 0.553363 0.593750 0.095029 0.258224
0 0.622624 0.454496 0.062683 0.137610
0 0.661367 0.404057 0.025768 0.051535
0 0.338999 0.704770 0.149671 0.260143
0 0.310673 0.936404 0.047515 0.063596
0 0.252558 0.595669 0.065972 0.404331
0 0.443348 0.836075 0.035088 0.069079
0 0.397844 0.712445 0.054094 0.122807
0 0.400219 0.528509 0.120066 0.320724
0 0.335892 0.564419 0.074744 0.147752
0 0.278326 0.454770 0.050439 0.098410
0 0.316155 0.550164 0.031615 0.030154
0 0.263706 0.368969 0.028692 0.086075
0 0.212537 0.228893 0.061769 0.141721
0 0.173794 0.087445 0.047697 0.140351
0 0.655154 0.351700 0.022295 0.057292
0 0.655154 0.264254 0.023209 0.085800
0 0.077485 0.310307 0.132127 0.238487
0 0.093933 0.150219 0.205409 0.441338
0 0.086988 0.101425 0.036001 0.047149
0 0.057931 0.000274 0.054825 0.100329
0 0.097405 0.149397 0.033626 0.176261
0 0.050804 0.290570 0.029971 0.080044
0 0.000183 0.161184 0.057018 0.157072
0 0.271747 0.596491 0.136696 0.260417
0 0.489218 0.632401 0.069627 0.076206
0 0.559028 0.564693 0.072368 0.100603
0 0.213085 0.277138 0.075292 0.135143
0 0.202120 0.401590 0.095760 0.191886
0 0.254020 0.169956 0.048428 0.106360
0 0.272844 0.000274 0.045504 0.167763
0 0.210161 0.000274 0.068531 0.169682
0 0.206871 0.506579 0.039656 0.078947
0 0.395468 0.328125 0.604532 0.093476
0 0.285819 0.386787 0.108918 0.037007
0 0.270468 0.000274 0.123355 0.327577
