0 0.632675 0.337445 0.043860 0.107456
0 0.558480 0.444901 0.097039 0.086623
0 0.511879 0.514254 0.054825 0.091009
0 0.502010 0.527686 0.051170 0.071820
0 0.458516 0.580044 0.050439 0.066338
0 0.362025 0.622259 0.097405 0.127193
0 0.367690 0.686129 0.033626 0.060855
0 0.386148 0.621711 0.015168 0.063322
0 0.386513 0.526864 0.035636 0.095121
0 0.332785 0.717105 0.029423 0.067982
0 0.292763 0.745888 0.040022 0.087993
0 0.269737 0.800713 0.023757 0.054276
0 0.246345 0.825110 0.024306 0.044682
0 0.171235 0.843476 0.076023 0.059211
0 0.133772 0.875274 0.038012 0.044134
0 0.070541 0.895011 0.063231 0.069353
0 0.042032 0.935033 0.029423 0.050987
0 0.007858 0.962993 0.033991 0.037007
0 0.166484 0.811952 0.049708 0.118695
0 0.074013 0.882675 0.092471 0.117325
0 0.114949 0.774945 0.099598 0.198739
0 0.192434 0.660088 0.046966 0.115954
0 0.220212 0.335800 0.121893 0.325658
0 0.316155 0.259320 0.022844 0.077029
0 0.199744 0.796053 0.035270 0.045504
0 0.235746 0.804276 0.102156 0.043586
0 0.203582 0.680921 0.063779 0.095669
0 0.269189 0.642270 0.043311 0.052083
0 0.313048 0.618969 0.044591 0.036184
0 0.225146 0.700658 0.052632 0.058388
0 0.278326 0.669134 0.054459 0.052083
0 0.333516 0.659814 0.038377 0.028783
0 0.372990 0.634868 0.144737 0.040022
0 0.518092 0.629386 0.105446 0.023849
0 0.622990 0.620614 0.022295 0.032346
0 0.645833 0.592928 0.045322 0.049890
0 0.604349 0.564967 0.089547 0.064145
0 0.504020 0.668586 0.093202 0.059485
0 0.460892 0.662281 0.043129 0.020559
0 0.004934 0.000274 0.020651 0.112390
0 0.000183 0.112664 0.020468 0.082237
0 0.014072 0.490680 0.039656 0.137610
0 0.037646 0.401590 0.016996 0.090735
0 0.040570 0.212993 0.037829 0.188596
0 0.063231 0.146382 0.030336 0.066612
