0 0.304459 0.416118 0.303180 0.277961
0 0.298428 0.477522 0.059759 0.062774
0 0.354532 0.283717 0.162463 0.251919
0 0.301535 0.571820 0.021382 0.064419
0 0.295322 0.003838 0.031798 0.568805
0 0.366411 0.000274 0.143092 0.276590
0 0.282712 0.173520 0.109101 0.263706
0 0.324013 0.303180 0.170504 0.173246
0 0.227705 0.000274 0.041667 0.137884
0 0.237025 0.138980 0.031798 0.129660
0 0.160270 0.236020 0.096308 0.104167
0 0.148940 0.129386 0.042215 0.098410
0 0.123173 0.203947 0.032346 0.036184
0 0.087537 0.169682 0.036184 0.056195
0 0.120797 0.000274 0.037281 0.131031
0 0.174525 0.138706 0.015534 0.077303
0 0.175439 0.070724 0.032895 0.069079
0 0.190424 0.000274 0.044773 0.068531
0 0.244883 0.509046 0.025768 0.046601
0 0.213450 0.522204 0.039108 0.041667
0 0.153874 0.536732 0.059211 0.078673
0 0.173977 0.534814 0.122442 0.465186
0 0.227339 0.271107 0.061221 0.235471
