0 0.910270 0.731908 0.089730 0.105263
0 0.841374 0.586897 0.158626 0.259320
0 0.885965 0.791667 0.047515 0.052357
0 0.825658 0.729441 0.057931 0.067434
0 0.790753 0.689145 0.056835 0.059485
0 0.738670 0.596217 0.077851 0.092379
0 0.738304 0.532895 0.025585 0.061952
0 0.731542 0.489035 0.030336 0.042763
0 0.814693 0.846217 0.064876 0.112116
0 0.756762 0.693531 0.079861 0.270285
0 0.644371 0.583333 0.125000 0.228070
0 0.672332 0.679550 0.037829 0.079221
0 0.630482 0.678454 0.052266 0.079770
0 0.589547 0.538377 0.061769 0.130208
0 0.609466 0.678180 0.021930 0.047971
0 0.581871 0.688048 0.027595 0.032895
0 0.551352 0.672149 0.033626 0.038925
0 0.476243 0.607182 0.075110 0.084430
0 0.450292 0.575932 0.038560 0.047423
0 0.427632 0.521930 0.037646 0.051809
0 0.440607 0.470669 0.050621 0.075932
0 0.475512 0.354715 0.059576 0.114309
0 0.390899 0.518914 0.044591 0.062226
0 0.361477 0.538925 0.029240 0.041393
0 0.337171 0.547149 0.030885 0.039474
0 0.604349 0.226151 0.073465 0.356634
0 0.682566 0.563596 0.022113 0.032895
0 0.694262 0.544408 0.007310 0.019189
0 0.695175 0.517544 0.012427 0.026864
0 0.455044 0.182292 0.171966 0.232182
0 0.460161 0.227796 0.015716 0.021107
0 0.446272 0.232456 0.016813 0.016447
0 0.431104 0.227522 0.016082 0.019463
0 0.376462 0.182566 0.056287 0.060307
0 0.324744 0.085526 0.060124 0.115132
0 0.302266 0.173246 0.033808 0.070175
0 0.308662 0.242873 0.024306 0.178454
0 0.318165 0.658717 0.027778 0.079770
0 0.322917 0.586623 0.023575 0.071272
0 0.313962 0.448739 0.032346 0.137336
0 0.309576 0.421327 0.027961 0.026316
0 0.095577 0.812774 0.020833 0.031798
0 0.116045 0.819079 0.062683 0.029057
0 0.178911 0.825932 0.061952 0.028509
0 0.240680 0.832785 0.112025 0.022204
0 0.074927 0.811404 0.020285 0.030976
0 0.267178 0.853618 0.069627 0.085252
0 0.295322 0.734101 0.056469 0.121436
0 0.352339 0.831963 0.037463 0.033717
0 0.389620 0.846765 0.047149 0.023300
0 0.243421 0.752193 0.038925 0.080318
0 0.219846 0.675713 0.046053 0.076206
0 0.178545 0.537555 0.067251 0.137061
0 0.000183 0.850603 0.077851 0.049068
0 0.077668 0.862939 0.104167 0.069353
0 0.145285 0.929002 0.053728 0.054002
0 0.195724 0.921601 0.038012 0.060307
0 0.245249 0.935033 0.063231 0.064967
0 0.002193 0.700110 0.040753 0.087445
0 0.000183 0.575932 0.042398 0.122533
0 0.000183 0.387336 0.036367 0.188048
0 0.001827 0.316338 0.069993 0.118421
0 0.035636 0.091557 0.049342 0.222588
0 0.013523 0.000274 0.076023 0.213816
0 0.037463 0.011239 0.040753 0.079496
0 0.075292 0.038651 0.032895 0.051535
0 0.095943 0.000274 0.017909 0.037281
0 0.280519 0.018640 0.431104 0.501645
