0 0.495797 0.326206 0.048428 0.109923
0 0.500914 0.436678 0.038377 0.233553
0 0.500183 0.669408 0.067069 0.330592
0 0.062683 0.698191 0.102705 0.253838
0 0.053545 0.839638 0.056469 0.043037
0 0.000183 0.822917 0.053180 0.059759
0 0.114583 0.346491 0.047149 0.233004
0 0.095212 0.579496 0.064510 0.118147
0 0.000183 0.042215 0.158077 0.436678
0 0.074379 0.242599 0.074379 0.104715
0 0.155336 0.209156 0.016813 0.063322
0 0.148209 0.273026 0.020102 0.036458
0 0.139620 0.309211 0.020285 0.020559
0 0.703582 0.521656 0.148940 0.267270
0 0.686221 0.792215 0.042580 0.190241
0 0.736659 0.851425 0.075658 0.069627
0 0.709064 0.819627 0.036184 0.066338
0 0.812500 0.891721 0.028874 0.027961
0 0.835709 0.885417 0.037098 0.034814
0 0.667763 0.675439 0.031067 0.097862
0 0.826206 0.707237 0.047697 0.061952
0 0.834978 0.766996 0.055738 0.081414
0 0.905336 0.771656 0.008955 0.049068
0 0.589912 0.330592 0.199013 0.205866
0 0.759686 0.331140 0.076206 0.285362
0 0.799159 0.613487 0.055556 0.111568
0 0.449927 0.254112 0.051535 0.084978
0 0.527961 0.365132 0.034357 0.035362
0 0.563048 0.388980 0.021564 0.020011
0 0.584978 0.379386 0.023575 0.028235
0 0.639437 0.000274 0.165205 0.204221
0 0.378655 0.204770 0.284174 0.493147
