0 0.362208 0.746436 0.057566 0.255482
0 0.389072 0.635143 0.069627 0.111568
0 0.433480 0.417489 0.082785 0.214090
0 0.478984 0.132675 0.070541 0.283991
0 0.770468 0.737390 0.040022 0.126096
0 0.774854 0.711623 0.011148 0.025768
0 0.793494 0.959430 0.021747 0.025219
0 0.783077 0.924890 0.021199 0.045504
0 0.806104 0.518092 0.099050 0.344298
0 0.889985 0.424616 0.017361 0.093202
0 0.845577 0.391173 0.033260 0.343476
0 0.845395 0.000274 0.034722 0.393092
0 0.824013 0.736020 0.035453 0.142818
0 0.815789 0.872533 0.040936 0.127467
0 0.796966 0.855811 0.049342 0.144189
0 0.856908 0.967654 0.040753 0.032346
0 0.127741 0.867325 0.050621 0.132675
0 0.025768 0.844846 0.027961 0.155154
