0 0.478618 0.416393 0.029971 0.094846
0 0.496711 0.510691 0.017178 0.028235
0 0.498721 0.539200 0.014437 0.022478
0 0.499086 0.562226 0.016813 0.020559
0 0.501645 0.582785 0.068348 0.240132
0 0.501645 0.789748 0.055921 0.078125
0 0.555007 0.825384 0.076572 0.133498
0 0.608004 0.749726 0.037829 0.165844
0 0.596491 0.855811 0.013889 0.011787
0 0.610380 0.858004 0.012610 0.015899
0 0.188414 0.004934 0.059028 0.325932
0 0.199744 0.000274 0.044773 0.041118
0 0.686769 0.000274 0.058845 0.155154
0 0.618421 0.000274 0.090278 0.123904
0 0.670870 0.155702 0.025402 0.031798
0 0.647295 0.162007 0.027047 0.026590
0 0.641996 0.107182 0.035088 0.067708
0 0.601974 0.174890 0.051170 0.077303
0 0.608370 0.193257 0.012610 0.015625
0 0.587537 0.140625 0.024671 0.056469
0 0.558480 0.084156 0.033626 0.056743
0 0.534722 0.012884 0.012061 0.038651
0 0.554276 0.081140 0.009686 0.010417
0 0.540022 0.051535 0.016996 0.029879
0 0.531981 0.000274 0.008955 0.012610
0 0.593385 0.212445 0.036184 0.188871
0 0.586988 0.280702 0.015351 0.015625
0 0.560673 0.270833 0.026499 0.016173
0 0.497990 0.090735 0.032895 0.296327
0 0.524306 0.248629 0.035453 0.056469
0 0.548063 0.170230 0.054094 0.078125
0 0.583882 0.039474 0.051535 0.131305
0 0.456140 0.000274 0.117507 0.195724
0 0.439327 0.000274 0.060490 0.171327
0 0.449744 0.057292 0.025402 0.041667
0 0.431104 0.046053 0.019737 0.045504
0 0.395833 0.000274 0.046418 0.069079
0 0.292032 0.388158 0.035270 0.039474
0 0.229167 0.330592 0.067251 0.066612
0 0.321820 0.393092 0.007127 0.020011
0 0.311769 0.362390 0.014072 0.030976
