0 0.376462 0.000274 0.074927 0.259594
0 0.366228 0.259868 0.050256 0.162555
0 0.348501 0.420230 0.058297 0.149945
0 0.187865 0.771107 0.114583 0.228070
0 0.278326 0.569627 0.107639 0.242325
0 0.000183 0.750274 0.314876 0.249726
0 0.180190 0.796327 0.039108 0.120614
0 0.183480 0.734375 0.038377 0.061129
0 0.176170 0.665570 0.040753 0.068805
0 0.118604 0.330592 0.093567 0.334156
0 0.823830 0.688048 0.059576 0.204770
0 0.697186 0.333333 0.060124 0.072643
0 0.665753 0.388432 0.055007 0.068257
0 0.604715 0.442708 0.070906 0.080866
0 0.547697 0.504386 0.069627 0.072094
0 0.558480 0.000274 0.441155 0.292215
0 0.757127 0.917763 0.058114 0.075110
0 0.708516 0.871162 0.066338 0.088816
0 0.653509 0.775493 0.078582 0.124726
0 0.524488 0.519189 0.055556 0.105537
0 0.546784 0.624452 0.064145 0.068257
0 0.578034 0.692434 0.094115 0.111294
0 0.406615 0.521656 0.127741 0.092654
0 0.357639 0.544956 0.049159 0.068805
0 0.289839 0.550439 0.068165 0.067434
0 0.418129 0.225877 0.139985 0.110471
0 0.753289 0.004934 0.244883 0.459156
0 0.909357 0.467105 0.090643 0.390351
0 0.917580 0.854441 0.082420 0.121985
