0 0.097953 0.889803 0.039108 0.110197
0 0.285819 0.661184 0.180373 0.338816
0 0.286550 0.786732 0.065241 0.069627
0 0.328216 0.474232 0.159357 0.313871
0 0.465095 0.432840 0.047697 0.042215
0 0.489218 0.237116 0.111659 0.195724
0 0.368969 0.074561 0.110380 0.420504
0 0.466740 0.042215 0.015716 0.032621
0 0.344481 0.495066 0.037463 0.080592
0 0.275037 0.535088 0.058297 0.196272
0 0.284539 0.586897 0.113670 0.219572
0 0.219115 0.672149 0.034539 0.110746
0 0.168494 0.680099 0.051718 0.063322
0 0.159539 0.588268 0.032164 0.090186
0 0.159722 0.658169 0.014254 0.019463
0 0.141447 0.623629 0.023026 0.044956
0 0.186221 0.529057 0.028326 0.076480
0 0.196455 0.606360 0.025037 0.183114
0 0.129751 0.512884 0.038925 0.086623
0 0.131944 0.489035 0.009320 0.024123
0 0.171235 0.360197 0.051535 0.228344
0 0.202851 0.519737 0.028692 0.149945
0 0.195724 0.358004 0.023209 0.154605
0 0.146930 0.000274 0.063779 0.354989
0 0.206506 0.296327 0.012061 0.057566
0 0.225877 0.835800 0.043860 0.164200
0 0.803363 0.851974 0.055556 0.052906
0 0.839364 0.801261 0.040570 0.049616
0 0.767544 0.859101 0.024854 0.050439
0 0.758772 0.742599 0.026133 0.114583
0 0.758224 0.587719 0.025585 0.152961
0 0.772295 0.259320 0.083699 0.481908
0 0.845029 0.174342 0.037829 0.080866
0 0.868421 0.098136 0.021747 0.074561
0 0.874635 0.000274 0.032712 0.095669
0 0.806104 0.614035 0.026864 0.035910
0 0.829861 0.546327 0.058845 0.080866
0 0.888341 0.514529 0.036184 0.044408
0 0.925621 0.492873 0.074379 0.032072
0 0.933297 0.804550 0.029788 0.105811
0 0.938779 0.878289 0.024306 0.035636
0 0.918494 0.765899 0.036915 0.057018
0 0.903509 0.675439 0.026133 0.090461
