0 0.819993 0.809485 0.063231 0.190515
0 0.851243 0.716283 0.034905 0.091009
0 0.958699 0.890899 0.040205 0.032346
0 0.931287 0.874178 0.031615 0.039474
0 0.885599 0.808388 0.054459 0.071546
0 0.822003 0.626919 0.067800 0.180921
0 0.502376 0.248629 0.038743 0.194627
0 0.504203 0.435581 0.032895 0.165844
0 0.502376 0.595395 0.028326 0.163103
0 0.496893 0.751096 0.032529 0.057566
0 0.488670 0.808662 0.035636 0.058388
0 0.472588 0.814419 0.026316 0.058114
0 0.393092 0.595395 0.138523 0.404605
0 0.476243 0.317434 0.057018 0.278783
0 0.532346 0.589090 0.035270 0.066064
0 0.557383 0.542763 0.025950 0.047697
0 0.221674 0.839364 0.047149 0.049068
0 0.249269 0.829221 0.021747 0.028235
0 0.243238 0.788925 0.025950 0.039474
0 0.174890 0.657072 0.051352 0.087993
0 0.206323 0.736294 0.056104 0.071820
0 0.139072 0.603893 0.047149 0.055099
0 0.195724 0.828125 0.089547 0.171875
0 0.257310 0.033991 0.035270 0.133498
0 0.272113 0.164200 0.028509 0.160636
0 0.446637 0.212445 0.057566 0.222314
0 0.437865 0.128289 0.033260 0.081689
0 0.403326 0.000274 0.054459 0.126645
