0 0.110746 0.831414 0.029240 0.168586
0 0.113670 0.781798 0.022295 0.050987
0 0.117507 0.622533 0.025219 0.158991
0 0.122259 0.552083 0.024123 0.069353
0 0.134686 0.550439 0.063231 0.043860
0 0.150768 0.517544 0.036001 0.032895
0 0.145468 0.458333 0.036732 0.055921
0 0.120249 0.354989 0.040387 0.104441
0 0.134320 0.356908 0.012244 0.009868
0 0.140168 0.282072 0.011330 0.072368
0 0.149671 0.252741 0.007493 0.029057
0 0.156067 0.245340 0.004751 0.007127
0 0.182018 0.302083 0.127741 0.507675
0 0.268092 0.810581 0.043494 0.086075
0 0.210709 0.895011 0.088999 0.104989
0 0.228436 0.898026 0.026681 0.074287
0 0.216923 0.971765 0.023392 0.028235
0 0.182200 0.723136 0.040753 0.276864
0 0.200658 0.619518 0.023392 0.104989
0 0.198099 0.538377 0.025768 0.082511
0 0.198099 0.401590 0.019189 0.138706
0 0.212354 0.238487 0.020833 0.187500
0 0.212354 0.109649 0.019920 0.127467
0 0.214730 0.003289 0.013341 0.106086
0 0.290570 0.881853 0.025768 0.046327
0 0.309759 0.851700 0.032529 0.046327
0 0.322551 0.784814 0.028143 0.068257
0 0.326389 0.723410 0.024306 0.060581
0 0.327668 0.672423 0.022478 0.048246
0 0.329678 0.644189 0.041118 0.029879
0 0.347039 0.603893 0.048794 0.040296
0 0.373355 0.546053 0.046784 0.057840
0 0.399671 0.429550 0.033443 0.115406
0 0.588268 0.801261 0.019006 0.096217
0 0.597039 0.898300 0.030154 0.101700
0 0.586806 0.643366 0.037829 0.157346
0 0.612208 0.608279 0.024306 0.035088
0 0.624269 0.565241 0.016082 0.043037
0 0.630665 0.350329 0.088999 0.215186
0 0.708882 0.216831 0.027230 0.133498
0 0.637975 0.569901 0.013523 0.018092
0 0.652961 0.485197 0.132127 0.099781
0 0.670870 0.432566 0.113304 0.205592
0 0.786550 0.437774 0.055373 0.065515
0 0.842471 0.393092 0.067069 0.062774
0 0.909539 0.325110 0.067617 0.088816
0 0.620797 0.608827 0.050073 0.113761
0 0.591192 0.565789 0.029240 0.058936
0 0.548977 0.488487 0.041301 0.101425
0 0.546784 0.458333 0.006396 0.035088
0 0.547515 0.427906 0.005665 0.030154
0 0.547697 0.415022 0.005665 0.012610
0 0.637427 0.607730 0.021747 0.030702
0 0.733735 0.756853 0.048428 0.047423
0 0.800987 0.888432 0.014072 0.046875
0 0.811769 0.931469 0.004751 0.010143
0 0.661732 0.627741 0.089364 0.130208
0 0.816886 0.884594 0.010417 0.047971
0 0.815789 0.932566 0.014072 0.067434
0 0.815607 0.864309 0.010965 0.020011
0 0.936221 0.761239 0.063779 0.181469
0 0.921784 0.938048 0.041118 0.061952
0 0.949379 0.892270 0.034905 0.044956
0 0.047697 0.790844 0.069444 0.114309
0 0.026499 0.725877 0.033260 0.065515
0 0.033808 0.792763 0.014437 0.012061
0 0.020468 0.786458 0.013341 0.013706
0 0.000183 0.725877 0.028692 0.061129
