0 0.524671 0.319901 0.020651 0.054825
0 0.515351 0.376096 0.030885 0.101425
0 0.508772 0.477522 0.026316 0.116776
0 0.509686 0.594298 0.019737 0.129386
0 0.514437 0.590186 0.036550 0.083059
0 0.495614 0.674616 0.042215 0.100055
0 0.481542 0.783717 0.042215 0.080318
0 0.473136 0.866776 0.030885 0.083059
0 0.460892 0.949836 0.038560 0.050164
0 0.956506 0.731634 0.032895 0.100603
0 0.963816 0.831963 0.036184 0.125274
0 0.936952 0.799616 0.026864 0.041667
0 0.911184 0.799616 0.024671 0.032346
0 0.886879 0.738761 0.034357 0.060855
0 0.882858 0.682018 0.016082 0.055647
0 0.842288 0.780702 0.044591 0.117325
0 0.938231 0.581963 0.061769 0.108004
0 0.943896 0.567160 0.022295 0.060033
0 0.866228 0.528509 0.041118 0.252741
0 0.927449 0.768366 0.025768 0.040296
0 0.908626 0.744243 0.025768 0.027412
0 0.922332 0.620888 0.022295 0.033443
0 0.905702 0.632127 0.016630 0.023026
0 0.869152 0.547423 0.036550 0.097588
0 0.885051 0.643366 0.033626 0.038651
0 0.898757 0.680099 0.042763 0.051535
0 0.832054 0.512884 0.015351 0.034265
0 0.841923 0.547149 0.037646 0.066886
0 0.899306 0.276590 0.028692 0.250822
0 0.836988 0.465186 0.021930 0.047697
0 0.851060 0.336897 0.029240 0.129112
0 0.946272 0.320450 0.053728 0.152686
0 0.988670 0.177632 0.011330 0.068257
0 0.139985 0.937226 0.055738 0.062774
0 0.039839 0.859923 0.112390 0.078125
0 0.000183 0.781524 0.062500 0.078947
