0 0.094846 0.721491 0.040387 0.281250
0 0.047880 0.399945 0.088633 0.324836
0 0.033260 0.228344 0.048246 0.166667
0 0.000183 0.016721 0.065789 0.210800
0 0.314876 0.825932 0.110015 0.176809
0 0.383406 0.236568 0.169408 0.587445
0 0.492325 0.036458 0.077485 0.198739
0 0.526864 0.000274 0.027778 0.036458
0 0.192434 0.716831 0.045504 0.249178
0 0.165205 0.645559 0.036732 0.070175
0 0.654971 0.000274 0.033808 0.185581
0 0.673428 0.185033 0.020285 0.239583
0 0.644006 0.346491 0.061586 0.131853
0 0.677997 0.425987 0.026499 0.108827
0 0.694444 0.478344 0.011696 0.055921
0 0.685124 0.219846 0.038925 0.216283
0 0.712354 0.169682 0.007310 0.049068
0 0.680190 0.536184 0.063231 0.092105
0 0.678911 0.538925 0.034722 0.157072
0 0.710526 0.556469 0.043311 0.121711
0 0.771199 0.388432 0.093019 0.274123
0 0.775037 0.601151 0.138158 0.172971
0 0.777412 0.541118 0.182566 0.368695
0 0.838268 0.320450 0.161732 0.382950
0 0.789108 0.675164 0.049708 0.070724
0 0.864949 0.375000 0.036001 0.081140
0 0.957968 0.000274 0.025219 0.037281
0 0.881944 0.320450 0.034357 0.053728
0 0.900768 0.036458 0.072734 0.283169
0 0.368238 0.748904 0.073282 0.250822
0 0.732822 0.894737 0.077120 0.105263
0 0.724415 0.765077 0.053545 0.124726
0 0.796784 0.464090 0.084795 0.187774
