0 0.496528 0.180099 0.076206 0.286184
0 0.530336 0.465735 0.072003 0.169956
0 0.564327 0.636513 0.051901 0.241502
0 0.577120 0.876645 0.060307 0.123355
0 0.579130 0.280976 0.093202 0.247807
0 0.647113 0.111020 0.056104 0.168586
0 0.669591 0.236842 0.048063 0.071272
0 0.718202 0.000274 0.079130 0.226151
0 0.703399 0.225055 0.036367 0.033991
0 0.581140 0.054002 0.102339 0.201754
0 0.673977 0.000274 0.023757 0.076754
0 0.510051 0.053728 0.094115 0.394189
0 0.460344 0.083333 0.059211 0.097314
0 0.444079 0.000274 0.028509 0.083059
0 0.270285 0.001645 0.238670 0.471765
0 0.463085 0.467379 0.072003 0.176535
0 0.438414 0.624178 0.041849 0.087171
0 0.352705 0.281250 0.119152 0.547423
0 0.149123 0.062774 0.121893 0.260965
0 0.271747 0.257127 0.082237 0.165844
0 0.222588 0.153509 0.076023 0.091009
0 0.231725 0.000274 0.033808 0.156798
0 0.131944 0.000548 0.043677 0.072643
0 0.184211 0.032621 0.012244 0.045504
0 0.186221 0.019737 0.007858 0.013158
0 0.262244 0.095669 0.025219 0.060033
0 0.114949 0.103070 0.043129 0.047971
0 0.024123 0.000274 0.080409 0.092928
0 0.089547 0.074013 0.026499 0.057292
0 0.095760 0.768640 0.114218 0.174890
0 0.023209 0.607456 0.053180 0.171327
0 0.000183 0.766721 0.067617 0.083333
0 0.056835 0.811678 0.068348 0.070450
0 0.060490 0.781524 0.014072 0.032895
