0 0.212902 0.469846 0.081140 0.131305
0 0.275768 0.601425 0.077851 0.092928
0 0.345395 0.611568 0.037829 0.067982
0 0.363487 0.755482 0.052997 0.244518
0 0.349963 0.681743 0.043860 0.073739
0 0.447368 0.635143 0.039291 0.125822
0 0.427814 0.762336 0.044591 0.046601
0 0.416484 0.808662 0.035453 0.044134
0 0.396016 0.821272 0.031067 0.045504
0 0.483004 0.373355 0.046966 0.149671
0 0.463268 0.523026 0.047697 0.113487
0 0.854715 0.968750 0.039291 0.031250
0 0.797149 0.763432 0.077851 0.206414
0 0.788925 0.705592 0.029423 0.057840
0 0.807018 0.482182 0.027230 0.057840
0 0.786732 0.615954 0.031067 0.087445
0 0.798063 0.540022 0.031798 0.075932
0 0.906067 0.701206 0.093933 0.046601
0 0.886513 0.516173 0.061952 0.234923
0 0.891082 0.641173 0.014072 0.040844
0 0.887061 0.750822 0.031067 0.038925
0 0.925256 0.770011 0.074744 0.222314
0 0.631579 0.509868 0.023392 0.043037
0 0.651316 0.547697 0.020102 0.021382
0 0.671601 0.541393 0.019189 0.028235
0 0.712902 0.536732 0.076389 0.052906
0 0.674342 0.508772 0.038560 0.051261
