0 0.236294 0.677632 0.120066 0.322368
0 0.000183 0.529057 0.275950 0.346765
0 0.313414 0.490132 0.059576 0.186678
0 0.356360 0.435307 0.110746 0.234923
0 0.452485 0.413925 0.030154 0.054276
0 0.466557 0.352248 0.045504 0.067434
0 0.499086 0.215461 0.013889 0.135691
0 0.498355 0.171875 0.014254 0.043037
0 0.329861 0.855537 0.067617 0.144463
0 0.351791 0.602522 0.123173 0.321546
0 0.093567 0.681469 0.113487 0.318531
0 0.000183 0.577851 0.120431 0.264803
0 0.000183 0.647204 0.050621 0.088268
0 0.354532 0.809211 0.030336 0.038651
0 0.293677 0.717928 0.061586 0.114309
0 0.201206 0.616228 0.099598 0.122533
0 0.154423 0.564145 0.055373 0.066612
0 0.028509 0.267544 0.143092 0.296327
0 0.440607 0.716283 0.051352 0.054002
0 0.484101 0.680099 0.053728 0.083059
0 0.508955 0.441886 0.074196 0.250000
0 0.551535 0.309211 0.054094 0.149397
0 0.575658 0.273026 0.030336 0.037829
0 0.000183 0.000274 0.667398 0.476700
