0 0.021930 0.517544 0.059942 0.482456
0 0.319262 0.564693 0.054459 0.123081
0 0.285270 0.648575 0.042580 0.048246
0 0.250000 0.580866 0.048611 0.068257
0 0.363121 0.728070 0.081871 0.134868
0 0.328582 0.684759 0.066703 0.046601
0 0.430921 0.744792 0.061038 0.189145
0 0.358004 0.517818 0.042946 0.121162
0 0.434942 0.621985 0.037829 0.138158
0 0.426352 0.455044 0.045139 0.166118
0 0.310307 0.515625 0.024854 0.047697
0 0.306104 0.401864 0.020833 0.111568
0 0.382310 0.338816 0.082054 0.177357
0 0.447551 0.200384 0.042398 0.137061
0 0.556469 0.823191 0.157895 0.176809
0 0.514803 0.643914 0.100512 0.356086
0 0.577120 0.167489 0.041118 0.471491
0 0.588450 0.061404 0.055190 0.108279
0 0.534722 0.000274 0.193896 0.609101
0 0.492325 0.561952 0.056652 0.386513
0 0.513523 0.207237 0.028326 0.358827
0 0.496711 0.000274 0.045322 0.197643
