0 0.317069 0.814145 0.062865 0.185855
0 0.215095 0.682840 0.094298 0.317160
0 0.025585 0.836897 0.121893 0.163103
0 0.000183 0.709978 0.057383 0.124726
0 0.175256 0.915022 0.044225 0.084978
0 0.095577 0.733827 0.094846 0.180373
0 0.080044 0.714638 0.029057 0.043586
0 0.025402 0.579221 0.064327 0.132401
0 0.013706 0.510417 0.027595 0.069627
0 0.000183 0.412829 0.028509 0.097039
0 0.020833 0.268640 0.055007 0.221491
0 0.000183 0.490954 0.049890 0.223136
0 0.371345 0.703673 0.073465 0.111020
0 0.296966 0.794682 0.089547 0.114583
0 0.277230 0.879934 0.022661 0.040844
0 0.419956 0.645833 0.025768 0.085800
0 0.429459 0.544956 0.042763 0.101425
0 0.458882 0.370340 0.024488 0.173794
0 0.458151 0.278509 0.023575 0.091283
0 0.494335 0.326206 0.035453 0.059211
0 0.459613 0.378564 0.069627 0.205318
0 0.434942 0.585252 0.056835 0.202303
0 0.399123 0.785910 0.064510 0.149945
0 0.372076 0.925164 0.059942 0.074287
