0 0.488487 0.720121 0.054276 0.279879
0 0.472953 0.600877 0.055921 0.117599
0 0.461257 0.287555 0.055190 0.315515
0 0.644371 0.000274 0.138889 0.478070
0 0.603618 0.503838 0.026316 0.044408
0 0.632310 0.464364 0.019189 0.071820
0 0.570175 0.353344 0.067069 0.173794
0 0.515716 0.527961 0.079130 0.140077
0 0.448648 0.730811 0.027230 0.064693
0 0.455044 0.795504 0.040753 0.204496
0 0.404057 0.869792 0.066338 0.092105
0 0.261879 0.485471 0.079130 0.513706
0 0.330592 0.855537 0.059942 0.086349
0 0.347953 0.293586 0.189876 0.558662
0 0.142361 0.347588 0.121893 0.294408
0 0.072186 0.233004 0.132127 0.264803
0 0.053545 0.090461 0.045504 0.147204
0 0.146016 0.000274 0.273026 0.714364
0 0.158077 0.013158 0.035088 0.402138
0 0.185307 0.292489 0.027412 0.053728
0 0.000183 0.204221 0.039474 0.094298
0 0.030336 0.261239 0.030336 0.052906
0 0.057200 0.269189 0.026681 0.051809
0 0.109832 0.249178 0.014254 0.022478
0 0.114218 0.207237 0.009686 0.040022
0 0.115497 0.194353 0.010965 0.013432
0 0.025037 0.000274 0.134137 0.203673
0 0.432566 0.396107 0.042032 0.160910
0 0.395468 0.289474 0.050073 0.109923
0 0.382858 0.188596 0.025768 0.105811
0 0.384320 0.000274 0.012427 0.062500
0 0.380117 0.061678 0.014620 0.020833
0 0.380300 0.082785 0.016082 0.105811
0 0.508224 0.315515 0.103436 0.179002
0 0.605629 0.245066 0.032529 0.069079
0 0.627193 0.158443 0.045687 0.087171
0 0.662098 0.000274 0.033077 0.158717
