0 0.175439 0.109101 0.126827 0.326206
0 0.273757 0.434759 0.041484 0.062226
0 0.294042 0.497533 0.138158 0.191064
0 0.421418 0.662281 0.028874 0.043586
0 0.442982 0.659539 0.025219 0.044134
0 0.426170 0.592654 0.096491 0.191886
0 0.523757 0.745888 0.025585 0.067982
0 0.550439 0.774123 0.037646 0.060307
0 0.502193 0.113761 0.035636 0.108004
0 0.520285 0.222588 0.019554 0.092654
0 0.522295 0.316338 0.021564 0.040296
0 0.529788 0.356634 0.018092 0.134046
0 0.532529 0.489857 0.016813 0.055373
0 0.519737 0.546327 0.026864 0.117873
0 0.508955 0.664200 0.027595 0.054550
0 0.498904 0.718750 0.024854 0.028235
0 0.542580 0.448739 0.058845 0.308388
0 0.520285 0.473136 0.034357 0.193257
0 0.546418 0.666393 0.022844 0.047423
0 0.565241 0.705592 0.015168 0.020833
0 0.518640 0.421053 0.009868 0.052357
0 0.602705 0.689693 0.028692 0.058936
0 0.603984 0.748629 0.025585 0.045779
0 0.592105 0.757950 0.011330 0.035636
0 0.598319 0.611842 0.028143 0.078673
0 0.630300 0.695998 0.033808 0.053454
0 0.650219 0.635143 0.037463 0.061952
0 0.680190 0.633498 0.026681 0.153783
0 0.739766 0.213268 0.036367 0.061404
0 0.762061 0.002193 0.052083 0.211349
0 0.714547 0.274123 0.038925 0.193531
0 0.673977 0.468202 0.052083 0.167763
0 0.622624 0.621985 0.024306 0.043586
0 0.639072 0.632950 0.026316 0.033443
0 0.666301 0.587445 0.036367 0.068531
0 0.684028 0.568805 0.027412 0.018640
0 0.694444 0.537829 0.034357 0.030428
0 0.711440 0.496436 0.031067 0.041118
0 0.725146 0.355811 0.050073 0.140077
0 0.756762 0.285636 0.044042 0.070450
0 0.777230 0.243695 0.025037 0.041941
0 0.860015 0.664474 0.062500 0.228618
0 0.870797 0.410636 0.040753 0.251096
0 0.902595 0.422423 0.097405 0.203399
0 0.846491 0.481908 0.026133 0.069901
0 0.848501 0.396656 0.019737 0.085526
0 0.860380 0.426261 0.025768 0.026042
0 0.854898 0.392544 0.022478 0.032072
0 0.857273 0.364309 0.012975 0.032072
0 0.911184 0.311129 0.053180 0.130482
0 0.894554 0.444353 0.046784 0.042489
0 0.893823 0.519189 0.018823 0.020559
0 0.902778 0.458882 0.075841 0.075658
0 0.960344 0.374452 0.039656 0.084978
0 0.927997 0.356360 0.046784 0.087719
0 0.885782 0.331963 0.026316 0.117873
0 0.970395 0.242325 0.029605 0.086349
0 0.945175 0.285088 0.049159 0.070998
0 0.876462 0.168037 0.006213 0.041667
0 0.868056 0.209978 0.014985 0.046327
0 0.859466 0.256305 0.014620 0.059759
0 0.855446 0.316338 0.009320 0.054825
0 0.861477 0.353893 0.008224 0.040570
0 0.845212 0.297423 0.026133 0.062226
0 0.845029 0.287007 0.005117 0.010143
0 0.844664 0.000274 0.010782 0.051809
0 0.847039 0.051535 0.014985 0.161184
0 0.849781 0.212719 0.012061 0.116228
0 0.851243 0.359923 0.013158 0.079496
0 0.377010 0.568531 0.067982 0.103618
